50
01000100000011100011000011000001011000111111101101
10010011010010010011100111110111001101110010111000
00101100100001111010110111010110001000110100001010
00001110000011111100001001011111011010101100000110
00011011001000101000001100010001011001010100001010
01111111100110100111010101000111111100100110010100
10010110110100011001011000100011111110000100011011
01001110000001111110111000101111010100101011100010
10000111111010000100110000110000010101101000101011
11110010010001110100011000000110011000111100100011
10111001000011010100110110010010101100111100001100
10110111011101100101100111100001011111000110010000
01001110100000010111001000111011000010001010011011
11100000010101111100100110011111110000000001101011
10100101101101111101010010111110111001011101101010
11111001111001011110110111000101100011111101110110
10101110011101000010100010001000110110101110110101
01100110110111011000001110101001001001101101101001
00110111001000111101010110001001111100000010010111
11001010011001011101010001011101110011101110110111
11100101010010000100001000100110101000101000001011
00101110101100101000110110110101111010101100111011
01101000011101100101101101110100100111011110111100
10011010100010101000000100100000100011100011011101
01010011001000100011100000101011100101110101100100
11000011100000111101111010010110100000010100010110
10010000011010011100100001100110110001001001100001
11111010101100110010000010101101000110000111011000
01000111101110110101101100111101111110001110011000
10100100100111010000000110101010001000000011000001
01100000110100110100010111010110111110101110111111
00000101011011000000100111100111010101110101000001
01000001000001111010001011101001001011110101001101
00100111000010100110011101001110101011111111110111
01110001100100000110001110001010110011010111011100
10110100010000000011001110001111101100011010001010
01101100101000101010011010111111111010101000100101
00010010111010011101011001101011100110101110110011
01101001101010101111011010111101001101110011110100
11111000001111101100000110011110011100111010000010
00011101100111111110010001011101111101101111110101
10110100100010101111011101110010101100110010010000
10101110011010101000001111011001100001000000001100
00111010110110100000101010110111001100101101001010
01010110110001100100100011100000001101101000111100
10111111111010100000011001010011010000100100111110
11110011001101111000100010100101101001111110101000
11100000101101101101010011001000010011000111111001
11001001101100000110010100110010011101110101100100
10110000011011010010011111110000101010010010111111
